$ANSIBLE_VAULT;1.1;AES256
31366332303533636463323439616436343035623737613032383238393936633133303161626664
6461326130386166636561373461633164396233626163660a356231353334656631653466663762
66656434633033643231333436363235396561373562303136643933346631626539626638393764
6333656364336663370a336665333564663039326631396336393664313235323432336235666432
33316362653531393531303338393234663637633861303562396236353638303135393534623933
39373530623630653466666234313539393464626532636438303534356532373764333761623263
64663338633466656239343537633664623862326435633631636365613030396134393233633936
30623639366630626531363463646438613930303835393936383839316638656638383161366534
36643336376339626662306632643663366565343539653934623765656330303430313436633966
66393536626537643634383638313263643538316632653665343561643232666337623731363739
34303932666636643438303333373230363762323836323266343538353137326132616535336232
62326165663430353862663338353136373536633032643465326238646664353266373961303235
65373733653835346231323962363332386661343364306461623936646432623230656265353535
36326334343030356139623131353664343832396330656461373735306364383938613439646531
36393631303439303130316434643165303562336563323334376134643766363264313465643962
65396366393431623263373465336236306463393466356135653132623664386433313063316565
33313365666436363364356530656166316365386333316638353134663562303436303335313839
61366534643033666262636162366361316231646562383538363535383931616163646333383163
64396162383164303066313461623761373535636532393266356230636164623237636464316336
64356462353164623039613530383232613932663061393338393930303136666330636563656535
35343230623436623030316136303562396261356532666562643235643438363338636364623163
39333233616339636531303539626130303565363462663164396536393863363032303761613663
66643539333635643361343363613863333230356430633062343930633363343831393330633963
34326164383564633730356335613737343062306130663530633064353866643131363231653766
33376231313034396663343734333335366464393538656534366435336263366330333339653232
39316136376666623362383534363636323734303563343661633634373962373930363633373239
34616466353234656263653636653935386166646663376434333934396364336465353731363763
65373261613639313031
