$ANSIBLE_VAULT;1.1;AES256
30316534343037383062386262653265336636636565383664376134376132643830313831383464
6631343331623665313661346262623837343138616337650a656433313265336635326463346361
39336638303830353137386566366365333665306435363061633537366635323834653137643939
6231613536323334300a623165386263363463393565373631336130663565613536396461623938
33323765306461666665666338376131323661626637336339633264646539333031373137613634
38613961303834396463336664386230396533333835373539353365323262343539303836393933
31623139373064363338316132393762643332666239363163613634333464663235336163306564
66623936626461366330626633306132383639626136373433336165653561643836336564663233
30313366656465623065363763343066666639363736313831663039643338373537383239346230
30616338633832336534663439316234656233656132386138323039396432633832383137306335
62303639343534333634323631343739666131666365633166666135393465323434623439383437
38333466383738643931383765313036336461613734393262363637386639616336353262646438
61353331323638353339356566323838666463633530653438373561383637643032653233623035
61633633616162656132663266303331383636393931303735316266313335343539303036626132
30356438656231393866333033396134636133333863626562633434303564373237666163363665
31626464363337633838623864373563383435366337316535356339343135383536623633663362
64643563313766626133666661306135356238363565653433616365623138623533646338313033
32663030393439323339643239373930386130643033323631313061303334313636663531323035
35613735663430323261313466626566323633623462646632366361396265663036363534643435
34306438623762613833346663613263663939613336623331643262666566363630343364313463
37313431393531373164343963663763616138363539653435383338366133653232303638616463
32396164333537386161363435313862396437386135663636393230386362633362383133343962
65336438356631343837643233326563363765613630313238343132393637303065643865636638
64343235353363643362633330316361356561326335333136346166326232613561343565666664
30396435613733353635633562666239303634666466373836613430363236323831623831346536
64306265353966643163356563383638633765396363636162386632393537663336383137653264
62383133336664656638376432346462626366373433336233323235646136343330373034353333
31366236376664393764623061653264303265643938393730313032353638626530626637666666
61663036653865383263346334383339666530336666616533373937643461383231363230303438
36316134373231626637623538363965646538613761653539643163623638353461666537323764
35393161373230306566623030663932646564396563343034393232343233326630366361313161
62386262353966643766383635373865386539336336336166376161343230666665643331323733
39366330303935376338646335616233653536623435656631333336366363323833366339386264
66393036343737613935336131346438393234386364653439656166396261393139373037346338
66333664333231333239636137343161613635633230373735666661323832656264303233343561
37306333666238326262356365383361643231323237373931626165306666646537636263653730
64303361623537623265636533396666393134383334353232336337313034626339393538646134
32333565663462643561386532643865633431616562643761643864333931653633623637646164
34613635323633616331626163363865623536353066646564633736633937643863373765326463
32666432336235356530643263623835306630303835303265303032333265646530326334643934
36346636623165343035636436353233306365353566353762633337326535653531323362646233
66323437316233356362613038396464383636623164396662373336383164303164313139383465
32346635663930643732653832636336343932356231346565613862643765656466383736356164
63663564663736623137323337326361336531636562616630623961303037363630326165643262
32633566383865373337316639313038623438373161373863346264386338663437323736626663
37383236333035343363303163636539313137636238663061326131393536373039386534656165
35326435663931316133633236663262636664393163353063323836616463623738653166323835
39623037336335336461666138383830616535376262303732343539373430316438333161323363
64373339323064373135626564323237396430626231666533323866333738343731336164616633
32343163343036623139326638333436616563616638323032626232383566386462366162663932
35633033646530646566666261633661313637646261353562663032373130306330326330663237
33353931316435303734396435356163313336653438393033626164653634386236653536366337
32623832316561623437373435326339383538613035313538323363613735623931613831636439
37656266353230393430643835663365353533323433636530343564663338396533653162393235
66386162363033656332303665316237333132666634353437343937666161303532353034663662
34363734653534616461396231626334386133636565313633616339633063636532316132383033
65373365376463306265636639656161643461346531636361366264366638306262363931663836
32383735393137636334333335333038303532376563316566626531616330633330633634613864
30323366616532323261636165623836383739643831316534386433653232303131316332333836
32333630343464323939656566313333346430373362303364303738333733343631643032323436
37303238633133323435376162616132613437386265666130643030623338376236303634656638
39653830316364343661353037336161663662643130333638393635623530343131326362396534
64633131396530363131636336643265653138663736346136346133306363346430313962353261
30333234646532303066653836303434306131393766663964663464366465326633646564353131
66353230623337393436643433343561623331336264326466623133626537643461323234326661
33386664396364353835353734616339303530643161633738313634383239343930366161333238
65343036656438303663393766623064656236373535333130393635336133373835353562363136
62323830386465613164333134646537396437333764383235353266343633366461333566363633
63393666306563306264303731366366653231343738363632343338323636656330623136636164
31373331346433346437663064373533616262616433343037346563623266313136633563626162
33636561376162653937353636323338646437373236643534613830633034633538393334616537
34636364333732646239393930646235643436653263356339356665393339363034373333313139
34653737613339363435633165356231313632306638656638323032383366343535343463653165
64316264653534333666363831316137323261376462383530363732306635316535366165626639
61343339633564636132326161303763363532653432383730306564336566396263653766616336
62363736646339353164303838613633333139626264316566656165393333663039613536633232
36636436646365363939346262653532306661663438633666623030626466666138623664393065
64323833376130326236616534613732343265303336346136663362633237613130303539326636
31303836636235316230626531626665376235373466393663653039396566623239653765643965
33333663653332323162666364623735666264333564306139353538656232616432346339353961
64336135633464313462336531653733333535326365663139343533373836336339303831613130
61643461333030333036356161623732363136656234643265316537633162333334323130343361
65313334343537363061326162346161366230626264306435343134383335323331316237373762
66386364666661666439666262653865303131386631633031356230616334393435323439623037
38396330316631343561393530306162393835376361616637626131653230323233326361643635
33353035303538656164316230663434353561373564396232356466653465326332623365373566
39656261323965623930343934623763346634336334326162313130383562316230363837353330
38303933303936356165306638383837653230346130346535643930613264626231626438326665
65373338633261326633646334643263313862326263396336346232346632663534363335393566
33626466636233663363393863313465303139373732646662313065393461633135396461303536
66626234376137366661376336653838373538623864363134303236633837323566323863653862
32663731656534303164353738306636343731323331663366333366316166303931636634396266
61633065376533343066643038346265326233643431393835393734396665646566363266653663
39633965646239343663633061633931336337623537323538613736393833656430313230383232
31613531613236353761366161346338366337633938343662363065353839336631313861653238
30616134376461643361343762393134323235636364316533396437633837636266383332363434
35386631363037333737326537376232386237386161343634383430643638333164636539653830
63326132373661633133353837353835333837333835363566313861323263623835326261613863
61313036613331646133623661643962356231633561316136393537373033343265396534333934
65366134346561373331353265326634633663373431616437356464353630373533383862653364
39343266383365323532663839333262373938336136326562323765333732626266313935363739
63373566366433313630376165663533643732373437626430663565623236393863633937316639
39643364623061336334313930646534396633666333306335653162343465363831323637646532
30656263386237343735633134326563316539366433363834653162336566336439326535376666
64646462366637336434313630346165343831393035643737376561333834346631643462363239
36326331613064303633623337663861326139353566303436366435633065393166373863616362
30396537616232663732323638383933386435336465323534663635303434313437353531303462
39633337623533333266363039356464396666386366396634613365313933346337393738303837
34663162313135356366333938656232663033623530626136376530636163666634363034363139
32383333383833373265666536663462333635626638613430333262353236316236376331313564
31646131363437333361633935363236303663353361303362366531616331306465393137656534
30343333393834386238626566366330363636623631313630313461393932623336613932623866
30373465343536333530323461633936313562353866613838336239323130656139326130346462
62343665346133666464383464383135303135336637646562363532366439363465653631313162
34373932326637383333613530616330333539343834646562383539633863663732613264346363
34313665326336653334303334353532393961353037303430613561343163366539316537626234
65623231316538646630333037303464363839306164323365613537356633633363316235363537
38376438646539613565363738343365326334376466376236633031646135646139386562303462
61343038393733326363343030343662633933336565373162373238666331336533386339613037
34613339656335363135643131663037613832356232643139363434643131303164353737313439
61386564393763373564383465666537366232323635633761313132393463313138653166353533
39356432356663316666623163383831303264633463643665353139366336623030666334663230
35653265393039326362393830353030636261376630646163626338313631653164336431636339
66336238336566383665326462303566306661323235663032646534663663343164646364623432
35386530396462373230316630353435663338303832663636306537363030333061646135346136
66343831613836356533323938376134373232363235306135356632643939393232613132656266
39323830626262346337626639643131306265383535653264373963623262306264623337313738
64623037343862386239633133373734363230373065326331326633353164353239363134346239
37656632313562393637623766353238303665393130373837303163356639623432316438613936
39306362383332666462623236396361346563623133313438613366306535366239363161393230
37643231326237626461306630356637323964376135393437353534383536626162343866373333
35663564623938396464646564393939343763653436373139616632633763643838383234336536
62353863343336356633363361366463353331656335653432343335663561376332623966393262
30663431346365353338323131326561616137633731336532353063663465336539633236633437
39383936333238633262363437386361623864316531333465353262343835643464313433616538
66383336363563386134333264656633386534343632356562323930626266306562616463373834
38393730316536386231343636313835623361326538633234323334366161646636356635366664
65623630383261656131373836646133643462373164633862376166303237383437626565336462
61326330333930383730376464343432363065393631656466326635643533666432323838396433
39376465353431326436323961353037373633383333616635366538616634323837343963633365
36363731376166343863643033363332336663653661313131623239633134626166326665303237
62313531333535616166316539363734633830326664393463633937383932626538306135386236
63343534616230366533396363373037356431393562346231303033376363626362663833393966
35643634356265633931643066356430646463656536346130333738346337646537363966363038
30393031356233613735343030306431633464343163366530656432333163663465376562333763
33656630376333343864373736323437656333383464363434373266646235643939303339363432
63393535333834616261313137333037333464353861343939376235656263663337333537353162
39306166323363633636303935643062363062316266646639313135313661346337353531336534
64316261316565316362376565386234313832393038353862333064393632396465326630643233
39643333393137356432323330363461666136383863383666353966316166613030336135633766
36643461666664363832616165386533643735663334313561653930636430336362316265366361
62396166353335393766613266313966376432353037396263343330363665353431333463663935
63396339393739613765653138336264633263376530366333326331376534373866353938343832
30363730646337386531613337656561396334363433333262623935363465353764333364633664
34373230613366356434356134393133653731373834333933373465643933383232613537633732
30613962666661393133323435646361626333333261633962643065373031333264646164383737
65313839663362373630656434633134313637333361356237386165306232396162313964633863
33333639626464356264323431663962656335663861366538616336623566393831363365653639
64613838616433346235633535353963613437653965363936316163663966636438363038383762
66386139646561666262313865656461663963386331303765623138383961313930623338336337
35623939363034306334363739303836323233346635653737303939353263343731633966383835
63653566343730383432666565613531366232326538326634653631363066326431363630326663
37363337633730623530303037303637663733303439396565333835306130656163373563623037
32666562383437316262643732353466653632343932666232343261366130653063363662333235
36343239646665626661373231646139623239333039633336653333633364386430346265326163
37343638653362646566376361376365343437306166323936393864393331363236663139653864
35336630383231323830383364613739313965356165373963646633343832656330333031343161
35323465386265303430353562616366393437386631623338643230376636616438616431303830
33336439633334656237313039646639383130663539303832356561366233323661666431353763
31353463343561313961333530623637333265303935316233316436313936366662353535313237
66383432643832626463373537663532393132646132366238323338656138323938666463343836
30373435666230396436333432646362336664353234333232376431373463326631353736663838
30636331313861376335653838396661313137663534626633643738666566626161
